245
2183 68120916
9333 3376226
2924 17943576
6597 135792
6347 8093148
4122 1987724
7690 66838098
5617 11770272
1308 8804690
3428 16398843
7085 10157113
27 68499000
2319 25679556
8914 45352989
2421 1302873
6348 50121055
5726 1106274
8967 56215104
2086 3081250
3264 63192017
9175 50217040
6489 29637664
8278 26260376
1352 28541376
732 469117
7970 47219265
3122 7056180
7081 59724516
6577 14833550
227 43124597
185 48353134
6700 58479092
9617 103914
396 51004588
4239 1313576
3916 53502784
7530 1131354
6693 50472114
5180 53679766
5163 41402425
2092 828351
3465 4134780
2939 23953136
2413 65573136
8221 15399972
8597 51689886
1419 29612616
2970 1583064
5096 66688880
3582 1513120
9633 767382
7056 15994467
9833 27245316
3688 12624084
1492 6141369
4544 19142244
5923 29678356
5839 15896040
7232 19136520
349 10108800
3162 34454398
3970 5178381
2916 1203260
464 60006986
569 20664648
9267 22617226
2692 2259840
5526 40721544
8558 15907408
9400 14894340
871 8469300
6640 75008788
4105 1619200
7645 10560165
3962 60698445
5122 20330570
1473 52584
7296 28880832
635 1846404
7268 13436172
7326 39465660
7940 91018060
2398 474525
4660 44599008
7600 2278290
5070 8807961
7884 56388330
5618 46996614
2119 14568295
9307 88310998
7535 29515280
5635 3872160
760 8842382
3944 9178088
3320 43560
7679 280471
8143 12949376
2233 15709293
7369 72033930
2163 18207890
183 29712480
1683 16582356
7883 34305930
6144 5254150
3955 662656
1393 14240594
1450 3063968
5898 47792634
4873 58656728
9026 36273372
4867 39879565
8441 14358491
6050 22449735
1961 2992626
2621 2894277
7307 7994877
764 26813430
2492 53316855
1005 24927168
272 34663860
7496 3570930
6806 29012370
2720 16737809
2205 2687040
3644 9316782
9910 16843572
5013 22219920
1642 1572525
8209 20670720
2798 20047950
1280 45474710
452 32803926
1526 14248984
4132 12561978
3225 9126938
9195 90187614
5819 21249184
6116 7484044
7435 7184478
8069 25649896
8759 4099293
8779 32742909
3653 69703128
1178 34544160
9091 20581396
3358 19935180
5132 9093951
1942 1941654
7053 70931840
6577 8483616
3463 49727426
8025 8675040
3702 15054867
1441 6204112
7970 17345306
8154 30018285
2964 24444640
8731 43024020
8876 9891450
9536 34446704
2833 10825335
9298 52515396
3417 7357312
5880 69675708
3194 9754764
8029 35494830
7056 11008296
1794 4377490
8272 372537
8262 36955956
1629 31823575
6596 48564684
4170 3032205
7180 1107834
1473 62525972
9397 27747090
1410 73581750
4898 10418100
3645 38547858
9651 1358370
9908 3297224
5934 19339884
3787 3863252
8222 1171265
8818 5865310
5067 23825648
5893 14482270
1098 8044050
7234 15239114
5287 6257401
332 7209948
6465 56127642
6926 41793675
8133 4107995
2 43457424
5759 16474632
7507 24444774
2157 17489043
3920 35603106
8644 1869498
563 18237492
5239 34475379
9585 62550496
8278 17149191
3491 12416500
612 8893612
7941 70674462
8332 17741728
5725 22975169
4853 5161806
5695 35345002
1796 64336470
2543 8284542
3857 31519428
4999 1755222
9214 39164152
2075 4929477
2372 51798439
4713 24578040
1150 38034458
3589 12165377
4826 27615395
4613 16309503
2446 9254070
5112 70541141
7528 16230390
8237 2112192
7129 51897782
3169 14640645
1476 16740852
3545 10955856
5762 13272454
8690 68004958
9928 60860580
6214 4724772
3547 83733251
6641 11317380
8355 45960222
4723 10172371
2238 592493
1878 954811
1623 6311073
8466 10537952
3752 49424361
1456 6320158